Vuosi	Nimi	Miss	PP	Kolme	Lehd	Yleiso	Ika	Pituus	Paino	PI	Rinta	Vyot	Lantio	R-V	L-V	R-L	VRS	VLS	Hius	Asuinp	Nro	Turku	Hki
1996	Anitra Ahtola 	0	1	1	0	0	23	177	59	18,8	90	66	92	24	26	-2	0,73	0,72	0	0	0	0	1
1996	Karoliina Nenonen 	0	0	0	0	0	18	173	55	18,4	92	63	92	29	29	0	0,68	0,68	1	1	0	0	0
1996	Tiina Mustonen 	0	0	0	0	0	20	175	55	18,0	95	66	90	29	24	5	0,69	0,73	0	0	0	0	1
1996	Reetta Elovaara 	0	0	0	0	0	18	175	54	17,6	88	64	88	24	24	0	0,73	0,73	0	0	0	0	0
1996	Riikka Koivisto 	0	0	0	0	0	20	175	57	18,6	89	62	93	27	31	-4	0,70	0,67	1	1	0	0	0
1996	Linda Jaakkola 	0	0	0	0	0	20	180	58	17,9	90	66	93	24	27	-3	0,73	0,71	0	0	1	0	0
1996	Virpi Hytönen 	0	0	0	0	0	21	180	62	19,1	95	68	95	27	27	0	0,72	0,72	1	1	1	0	0
1996	Lola Odusoga 	1	0	1	1	1	18	174	57	18,8	89	61	93	28	32	-4	0,69	0,66	0	0	1	1	0
1996	Carina Riikonen 	0	0	0	0	0	19	168	51	18,1	84	65	90	19	25	-6	0,77	0,72	0	0	1	1	0
1996	Ulrika Wester 	0	1	1	0	0	21	180	60	18,5	91	66	90	25	24	1	0,73	0,73	0	1	1	0	0
1997	Satu Iso-Kuortti	0	0	0	0	0	22	174	56	18,5	90	63	90	27	27	0	0,70	0,70	1	1	0	0	0
1997	Taija Jurmu	0	1	1	0	1	20	169	52	18,2	88	62	90	26	28	-2	0,70	0,69	1	2	0	0	0
1997	Mari Kantoniemi	0	0	0	0	0	22	173	55	18,4	92	64	91	28	27	1	0,70	0,70	0	1	0	0	0
1997	Pilvi Järvenpää	0	0	0	0	0	20	172	54	18,3	89	59	89	30	30	0	0,66	0,66	0	2	0	0	0
1997	Karita Tuomola	1	0	1	0	0	20	174	60	19,8	90	65	92	25	27	-2	0,72	0,71	0	1	0	0	0
1997	Anna Eskola	0	0	0	0	0	21	178	57	18,0	81	63	90	18	27	-9	0,78	0,70	1	0	1	1	0
1997	Maria Drockila	0	1	1	1	0	19	172	57	19,3	91	64	91	27	27	0	0,70	0,70	0	0	1	0	0
1997	Katri Nygård	0	0	0	0	0	20	174	56	18,5	93	64	90	29	26	3	0,69	0,71	0	0	1	0	0
1997	Sanna Rantanen	0	0	0	0	0	20	175	54	17,6	85	64	88	21	24	-3	0,75	0,73	0	0	1	1	0
1997	Maria Hietanen	0	1	1	0	0	22	173	59	19,7	91	65	91	26	26	0	0,71	0,71	0	0	1	1	0
1998	Mandi Malek	0	1	1	1	0	20	173	56	18,7	89	62	87	27	25	2	0,70	0,71	0	0	0	0	1
1998	Kati Ketola	0	0	0	0	0	21	172	56	18,9	90	63	94	27	31	-4	0,70	0,67	0	0	0	0	0
1998	Jaana Forsman	0	0	0	0	0	18	172	52	17,6	88	62	92	26	30	-4	0,70	0,67	1	0	0	0	0
1998	Melina Järvinen	0	0	0	0	0	23	171	55	18,8	90	64	89	26	25	1	0,71	0,72	0	0	0	1	0
1998	Pauliina Kettunen	0	0	0	0	0	21	176	52	16,8	92	60	90	32	30	2	0,65	0,67	0	1	0	0	0
1998	Anu Pekkarinen	0	0	0	0	0	20	170	52	18,0	88	64	92	24	28	-4	0,73	0,70	1	0	1	0	0
1998	Henna Mäki-Kojola	0	0	0	0	0	20	180	58	17,9	91	62	93	29	31	-2	0,68	0,67	0	1	1	0	0
1998	Piia Hartikainen	0	1	1	0	0	20	178	55	17,4	88	62	92	26	30	-4	0,70	0,67	0	2	1	0	0
1998	Ellen Jokikunnas	0	0	0	0	1	21	170	55	19,0	90	63	94	27	31	-4	0,70	0,67	0	0	1	1	0
1998	Jonna Kauppila	1	0	1	0	0	21	175	60	19,6	92	64	96	28	32	-4	0,70	0,67	1	1	1	0	0
1999	Tiia Sihvonen	0	0	0	0	0	23	176	66	21,3	93	66	96	27	30	-3	0,71	0,69	0	0	0	0	0
1999	Vanessa Forsman	1	0	1	0	0	22	171	55	18,8	90	60	90	30	30	0	0,67	0,67	1	0	0	0	0
1999	Tuula Siirama	0	0	0	0	0	20	173	55	18,4	88	63	91	25	28	-3	0,72	0,69	NA	0	0	0	1
1999	Saija Palin	0	1	1	1	1	20	168	47	16,7	84	59	87	25	28	-3	0,70	0,68	0	0	0	1	0
1999	Minna Lehtinen	0	1	1	0	0	20	171	56	19,2	92	62	89	30	27	3	0,67	0,70	1	0	0	0	0
1999	Tiia Lehtinen	0	0	0	0	0	21	176	53	17,1	86	62	89	24	27	-3	0,72	0,70	1	0	1	0	0
1999	Heidi Sjöblom	0	0	0	0	0	20	175	57	18,6	89	64	89	25	25	0	0,72	0,72	0	0	1	0	0
1999	Christina Lindblad	0	0	0	0	0	19	172	59	19,9	93	65	93	28	28	0	0,70	0,70	1	0	1	0	0
1999	Sari Juurikas	0	0	0	0	0	22	173	55	18,4	90	64	87	26	23	3	0,71	0,74	1	0	1	0	0
1999	Maija Karila	0	0	0	0	0	18	178	64	20,2	95	63	94	32	31	1	0,66	0,67	0	0	1	0	0
2000	Elina Hurve	0	0	0	0	0	18	170	51	17,6	84	59	90	25	31	-6	0,70	0,66	1	0	0	0	0
2000	Heidi Vuopio	0	0	0	0	0	19	170	50	17,3	89	60	90	29	30	-1	0,67	0,67	0	0	0	0	0
2000	Katja Angervisto	0	0	0	0	0	21	178	55	17,4	89	63	88	26	25	1	0,71	0,72	1	1	0	0	0
2000	Jenni Dahlman	0	1	1	0	0	18	178	59	18,6	91	65	92	26	27	-1	0,71	0,71	0	0	0	1	0
2000	Miia Lakkisto	0	0	0	0	0	18	174	55	18,2	90	60	90	30	30	0	0,67	0,67	1	0	0	1	0
2000	Jenny Kurkinen	0	0	0	0	0	22	171	56	19,2	88	62	95	26	33	-7	0,70	0,65	1	1	1	0	0
2000	Sonja Harlamoff	0	0	0	0	0	21	171	52	17,8	85	63	89	22	26	-4	0,74	0,71	0	1	1	0	0
2000	Kati Nirkko	0	1	1	0	0	21	180	64	19,8	96	66	92	30	26	4	0,69	0,72	1	0	1	0	0
2000	Anu Valli	0	0	0	0	0	20	172	55	18,6	89	65	89	24	24	0	0,73	0,73	0	0	1	0	0
2000	Suvi Miinala	1	0	1	1	1	19	177	62	19,8	95	65	94	30	29	1	0,68	0,69	0	2	1	0	0
2001	Anne Nousiainen	0	0	0	0	0	22	174	55	18,2	90	60	92	30	32	-2	0,67	0,65	0	1	0	0	0
2001	Jenni Hietanen	0	0	0	0	0	20	174	56	18,5	90	62	92	28	30	-2	0,69	0,67	0	0	0	0	0
2001	Sara Hiivola	0	0	0	0	0	20	174	54	17,8	88	62	92	26	30	-4	0,70	0,67	1	0	0	0	0
2001	Merja Pajamäki	0	0	0	0	0	22	169	50	17,5	91	61	91	30	30	0	0,67	0,67	0	1	0	0	0
2001	Minna Neitola	0	0	0	0	0	19	182	61	18,4	90	69	94	21	25	-4	0,77	0,73	1	2	0	0	0
2001	Hanne Hynynen	0	0	0	0	0	22	174	62	20,5	92	64	96	28	32	-4	0,70	0,67	1	1	1	0	0
2001	Jenni Anttila	0	0	0	0	0	20	174	53	17,5	88	62	88	26	26	0	0,70	0,70	1	0	1	0	0
2001	Heidi Willman	1	0	1	0	0	19	176	59	19,0	94	67	92	27	25	2	0,71	0,73	1	1	1	0	0
2001	Hanna Pajulammi	0	1	1	0	0	20	169	53	18,6	85	65	90	20	25	-5	0,76	0,72	1	1	1	0	0
2001	Susanna Tervaniemi	0	1	1	1	1	22	170	56	19,4	94	66	90	28	24	4	0,70	0,73	0	2	1	0	0
2002	Janette Broman	1	0	1	0	0	20	178	59	18,6	93	65	93	28	28	0	0,70	0,70	1	0	0	1	0
2002	Krista Nyman	0	0	0	0	0	19	174	56	18,5	87	63	90	24	27	-3	0,72	0,70	0	0	0	0	0
2002	Sara Enlund	0	0	0	1	1	19	176	58	18,7	90	66	90	24	24	0	0,73	0,73	0	1	0	0	0
2002	Johanna Onninen	0	0	0	0	0	20	176	58	18,7	90	66	92	24	26	-2	0,73	0,72	0	0	0	0	0
2002	Petra-Sofia Palmu	0	0	0	0	0	20	178	64	20,2	93	65	94	28	29	-1	0,70	0,69	0	0	0	0	0
2002	Kiira Hirvonen	0	0	0	0	0	21	171	50	17,1	89	58	89	31	31	0	0,65	0,65	1	0	1	0	0
2002	Katariina Kulve	0	1	1	0	0	21	173	58	19,4	90	62	90	28	28	0	0,69	0,69	0	0	1	0	1
2002	Kaisa Kilpeläinen	0	0	0	0	0	21	173	56	18,7	89	63	90	26	27	-1	0,71	0,70	1	0	1	0	0
2002	Kaisa Jaako	0	1	1	0	0	23	177	59	18,8	93	66	91	27	25	2	0,71	0,73	0	2	1	0	0
2002	Melanie Shukla	0	0	0	0	0	24	172	57	19,3	91	68	91	23	23	0	0,75	0,75	0	0	1	1	0
2003	Suvi Hartlin	0	1	1	0	0	21	174	58	19,2	88	65	93	23	28	-5	0,74	0,70	0	0	0	0	0
2003	Emilia Lonnakko	0	0	0	0	0	21	173	57	19,0	92	61	90	31	29	2	0,66	0,68	1	2	0	0	0
2003	Stella Hyvönen	0	0	0	0	0	20	172	58	19,6	94	68	95	26	27	-1	0,72	0,72	1	0	0	0	1
2003	Heidi Sjöblom	0	0	0	0	0	24	175	59	19,3	90	64	90	26	26	0	0,71	0,71	1	0	0	0	0
2003	Linda Lillbäck	0	0	0	0	0	20	176	59	19,0	92	62	94	30	32	-2	0,67	0,66	1	0	0	1	0
2003	Jenni Anttila	0	0	0	0	0	22	174	58	19,2	90	64	93	26	29	-3	0,71	0,69	1	0	1	0	0
2003	Piritta Hannula	0	1	1	1	1	23	171	55	18,8	86	67	88	19	21	-2	0,78	0,76	1	0	1	0	0
2003	Heidi Liimatainen	0	0	0	0	0	22	177	55	17,6	94	64	90	30	26	4	0,68	0,71	0	1	1	0	0
2003	Saana Anttila	0	0	0	0	0	20	180	62	19,1	94	62	96	32	34	-2	0,66	0,65	0	0	1	0	1
2003	Anna Strömberg	1	0	1	0	0	20	176	59	19,0	89	66	95	23	29	-6	0,74	0,69	1	1	1	0	0
2004	Mira Salo	1	0	1	1	0	22	173	53	17,7	88	62	89	26	27	-1	0,70	0,70	0	0	0	0	1
2004	Janina Mäntyniemi	0	0	0	0	0	21	180	65	20,1	95	66	95	29	29	0	0,69	0,69	0	0	0	0	1
2004	Jaana Aho	0	0	0	0	0	21	166	54	19,6	89	62	91	27	29	-2	0,70	0,68	0	0	0	0	0
2004	Heidi Björklund	0	0	0	0	0	22	170	58	20,1	87	64	89	23	25	-2	0,74	0,72	0	1	0	0	0
2004	Anna Rämö	0	0	0	0	0	21	180	59	18,2	92	62	91	30	29	1	0,67	0,68	0	0	0	0	0
2004	Jenni Suominen	0	0	0	0	0	21	170	54	18,7	90	61	90	29	29	0	0,68	0,68	0	0	1	0	1
2004	Anne Soininen	0	0	0	0	0	21	171	56	19,2	91	67	94	24	27	-3	0,74	0,71	1	1	1	0	0
2004	Krista Järvinen	0	1	1	0	0	19	174	62	20,5	95	69	93	26	24	2	0,73	0,74	0	0	1	0	0
2004	Anna Aalto	0	0	0	0	0	22	174	61	20,1	91	60	93	31	33	-2	0,66	0,65	0	0	1	0	0
2004	Henna Ylilauri	0	1	1	0	1	19	170	54	18,7	87	64	89	23	25	-2	0,74	0,72	1	2	1	0	0
2005	Susanna Laine	0	1	1	0	0	23	176	58	18,7	91	67	93	24	26	-2	0,74	0,72	1	1	0	0	0
2005	Sanna Kankaanpää	0	0	0	0	0	19	172	55	18,6	89	65	94	24	29	-5	0,73	0,69	0	0	0	1	0
2005	Johanna Rinne	0	0	0	0	0	24	176	55	17,8	84	62	89	22	27	-5	0,74	0,70	0	0	0	0	1
2005	Anna-Kristiina Isoviita	0	0	0	0	0	20	172	63	21,3	94	63	97	31	34	-3	0,67	0,65	0	0	0	0	0
2005	Essi Arola	0	0	0	0	0	22	180	59	18,2	90	61	96	29	35	-6	0,68	0,64	1	1	0	0	0
2005	Anna Aalto	0	0	0	0	0	23	173	57	19,0	89	60	90	29	30	-1	0,67	0,67	0	0	1	0	0
2005	Elina Nurmi	0	1	1	1	0	18	174	59	19,5	90	63	92	27	29	-2	0,70	0,68	1	0	1	0	0
2005	Jasna Preselj	0	0	0	0	0	23	176	63	20,3	89	66	96	23	30	-7	0,74	0,69	0	0	1	0	1
2005	Hanna Ek	1	0	1	0	1	20	172	58	19,6	88	63	92	25	29	-4	0,72	0,68	1	0	1	0	0
2006	Rosa-Maria Malvalehto	0	0	0	0	0	24	174	59	19,5	90	64	94	26	30	-4	0,71	0,68	0	2	0	0	0
2006	Elisa Joki-Anttila	0	0	0	0	0	19	175	58	18,9	87	65	89	22	24	-2	0,75	0,73	0	0	0	0	0
2006	Julita Airaksinen	0	0	0	0	0	20	174	60	19,8	89	65	93	24	28	-4	0,73	0,70	0	0	0	0	1
2006	Rita Aitolahti	0	0	0	0	0	18	170	50	17,3	85	64	85	21	21	0	0,75	0,75	1	0	0	0	0
2006	Karoliina Yläjoki	0	1	1	1	0	22	172	52	17,6	85	62	86	23	24	-1	0,73	0,72	0	0	0	0	0
2006	Ninni Laaksonen	1	0	1	0	0	20	175	63	20,6	94	69	93	25	24	1	0,73	0,74	1	0	1	0	1
2006	Outi Virenius	0	0	0	0	0	23	174	54	17,8	91	63	91	28	28	0	0,69	0,69	1	1	1	0	0
2006	Sini Vahela	0	1	1	0	1	19	174	57	18,8	89	62	90	27	28	-1	0,70	0,69	0	0	1	0	0
2006	Suvi Pitkänen	0	0	0	0	0	19	174	58	19,2	87	69	88	18	19	-1	0,79	0,78	0	0	1	0	0
2007	Tuulia Uusitalo	0	0	0	0	0	20	174	57	18,8	93	62	90	31	28	3	0,67	0,69	0	0	0	0	0
2007	Ida Stepanow	0	0	0	0	0	19	178	61	19,3	92	68	93	24	25	-1	0,74	0,73	0	0	0	0	0
2007	Jaana Hakala	0	0	0	0	0	24	175	55	18,0	89	62	90	27	28	-1	0,70	0,69	1	1	0	0	0
2007	Essi Pöysti	0	0	0	0	0	19	174	56	18,5	88	65	90	23	25	-2	0,74	0,72	1	0	0	0	1
2007	Anniina Laakso	0	0	0	0	0	23	176	61	19,7	92	69	94	23	25	-2	0,75	0,73	0	0	0	0	0
2007	Jenni Laaksola	0	1	1	0	0	20	175	59	19,3	94	66	94	28	28	0	0,70	0,70	0	0	1	1	0
2007	Noora Hautakangas	1	0	1	0	0	22	175	59	19,3	90	65	94	25	29	-4	0,72	0,69	0	1	1	0	0
2007	Julia Liukkonen	0	0	0	0	0	19	177	58	18,5	91	65	92	26	27	-1	0,71	0,71	1	0	1	0	1
2007	Henna Linne	0	0	0	0	0	20	175	61	19,9	92	70	97	22	27	-5	0,76	0,72	0	2	1	0	0
2007	Joanna Väre	0	1	1	1	1	22	169	55	19,3	87	65	91	22	26	-4	0,75	0,71	1	1	1	0	0
2008	Satu Tuomisto	1	0	1	1	0	21	175	59	19,3	91	64	94	27	30	-3	0,70	0,68	0	0	0	0	0
2008	Hanna-Maria Manner	0	0	0	0	0	19	174	50	16,5	86	61	86	25	25	0	0,71	0,71	1	1	0	0	0
2008	Jenna Konkola	0	0	0	0	0	18	172	62	21,0	92	70	91	22	21	1	0,76	0,77	1	0	0	0	1
2008	Susanna Mustajärvi	0	1	1	0	0	19	172	58	19,6	90	64	90	26	26	0	0,71	0,71	1	0	0	0	0
2008	Johanna Alhback	0	0	0	0	1	19	169	58	20,3	93	66	94	27	28	-1	0,71	0,70	0	0	0	0	0
2008	Katariina Orimus	0	0	0	0	0	20	171	56	19,2	91	67	93	24	26	-2	0,74	0,72	0	0	1	0	0
2008	Hanna Virkki	0	0	0	0	0	20	173	53	17,7	92	67	93	25	26	-1	0,73	0,72	0	0	1	0	0
2008	Maria Mettälä	0	0	0	0	0	22	174	56	18,5	89	64	92	25	28	-3	0,72	0,70	0	0	1	0	0
2008	Åsa Rehnstrand	0	0	0	0	0	20	175	59	19,3	93	67	91	26	24	2	0,72	0,74	0	0	1	0	0
2008	Jaana Taanila	0	1	1	0	0	18	177	55	17,6	85	61	90	24	29	-5	0,72	0,68	0	2	1	0	0
2009	Elsi Suolanen	0	1	1	1	0	19	175	57	18,6	85	61	92	24	31	-7	0,72	0,66	0	0	0	0	1
2009	Linda Wikstedt	0	1	1	0	0	20	174	51	16,8	84	65	89	19	24	-5	0,77	0,73	0	0	0	0	1
2009	Heidi Kuhlberg	0	0	0	0	0	22	170	55	19,0	85	64	91	21	27	-6	0,75	0,70	0	0	0	0	0
2009	Henna Lintukangas	0	0	0	0	0	20	181	60	18,3	85	66	96	19	30	-11	0,78	0,69	1	0	0	0	1
2009	Minna Nikola	0	0	0	0	0	19	170	52	18,0	88	61	91	27	30	-3	0,69	0,67	0	0	0	0	0
2009	Pauliina Markkola	0	0	0	0	0	20	172	52	17,6	89	67	91	22	24	-2	0,75	0,74	0	0	1	0	0
2009	Annika Fagerström	0	0	0	0	0	22	172	56	18,9	86	64	91	22	27	-5	0,74	0,70	0	0	1	1	0
2009	Ulla Mattsson	0	0	0	0	0	20	176	58	18,7	88	68	96	20	28	-8	0,77	0,71	1	0	1	0	0
2009	Essi Pöysti	1	0	1	0	1	21	174	56	18,5	86	64	90	22	26	-4	0,74	0,71	1	1	1	0	0
2009	Noora Salo	0	0	0	0	0	19	173	57	19,0	90	65	93	25	28	-3	0,72	0,70	0	0	1	1	0
2010	Anne Nurminen	0	1	1	0	0	21	170	56	19,4	83	62	93	21	31	-10	0,75	0,67	0	0	0	0	1
2010	Viivi Suominen	0	0	0	0	0	22	173	55	18,4	86	66	95	20	29	-9	0,77	0,69	1	0	0	1	0
2010	Essi Hellsten	0	0	0	0	0	19	173	55	18,4	90	62	93	28	31	-3	0,69	0,67	0	0	0	1	0
2010	Heidi Myllylä	0	0	0	0	0	21	171	57	19,5	91	67	95	24	28	-4	0,74	0,71	0	1	0	0	0
2010	Susanna Turja	0	1	1	1	0	21	172	57	19,3	89	68	96	21	28	-7	0,76	0,71	1	0	0	0	1
2010	Viivi Pumpanen	1	0	1	0	1	21	167	53	19,0	86	64	93	22	29	-7	0,74	0,69	1	0	1	0	0
2010	Riina Seise	0	0	0	0	0	19	170	55	19,0	87	62	94	25	32	-7	0,71	0,66	0	0	1	0	1
2010	Viktoria Sinjakova	0	0	0	0	0	21	174	57	18,8	88	64	95	24	31	-7	0,73	0,67	1	0	1	0	0
2010	Ghia Granlund	0	0	0	0	0	20	175	58	18,9	87	65	95	22	30	-8	0,75	0,68	1	0	1	0	0
2010	Minna Nikkilä	0	0	0	0	0	23	168	57	20,2	93	68	89	25	21	4	0,73	0,76	0	0	1	0	1
2011	Nina Mikkonen	0	0	0	0	0	22	173	58	19,4	92	66	93	26	27	-1	0,72	0,71	0	1	0	0	0
2011	Anni Uusivirta	0	0	0	1	0	24	178	59	18,6	91	64	96	27	32	-5	0,70	0,67	1	0	0	0	0
2011	Linnea Aaltonen	0	0	0	0	0	23	169	50	17,5	89	64	86	25	22	3	0,72	0,74	0	0	0	0	0
2011	Iina Pyymäki	0	0	0	0	0	23	175	61	19,9	93	69	94	24	25	-1	0,74	0,73	0	0	0	0	0
2011	Sara Sieppi	0	1	1	0	0	19	173	58	19,4	91	65	94	26	29	-3	0,71	0,69	0	2	0	0	0
2011	Rita Aaltolahti	0	0	0	0	0	23	170	50	17,3	85	65	92	20	27	-7	0,76	0,71	1	0	1	1	0
2011	Niina Lavonen	0	1	1	0	0	22	175	56	18,3	92	65	92	27	27	0	0,71	0,71	1	0	1	0	0
2011	Ennileena Siitonen	0	0	0	0	0	21	175	57	18,6	90	66	92	24	26	-2	0,73	0,72	0	0	1	0	0
2011	Helena Riihitupa	0	0	0	0	0	19	168	55	19,5	90	65	94	25	29	-4	0,72	0,69	0	0	1	0	0
2011	Piia Pakarinen	1	0	1	0	1	20	170	52	18,0	88	63	92	25	29	-4	0,72	0,68	1	1	1	0	0
2012	Anni Griinari	0	0	0	0	0	21	171	55	18,8	90	57	90	33	33	0	0,63	0,63	0	0	0	0	0
2012	Anna Tallgren	0	0	0	0	0	21	173	56	18,7	95	64	92	31	28	3	0,67	0,70	1	0	0	0	0
2012	Taru Sokka	0	0	0	0	0	22	169	52	18,2	88	62	90	26	28	-2	0,70	0,69	1	0	0	0	0
2012	Sara Chafak	1	0	1	0	1	21	172	56	18,9	84	63	91	21	28	-7	0,75	0,69	0	0	0	0	1
2012	Laura Ahola	0	0	0	0	0	22	170	52	18,0	89	65	89	24	24	0	0,73	0,73	1	0	0	0	0
2012	Viivi Suominen	0	1	1	0	0	24	174	54	17,8	84	60	93	24	33	-9	0,71	0,65	1	0	1	1	0
2012	Sabina Sarkka	0	1	1	0	0	23	178	60	18,9	89	64	92	25	28	-3	0,72	0,70	1	0	1	0	1
2012	Krista Haapalainen	0	0	0	1	0	21	173	60	20,0	90	62	93	28	31	-3	0,69	0,67	1	0	1	1	0
2012	Jonna Kolehmainen	0	0	0	0	0	20	175	59	19,3	90	62	93	28	31	-3	0,69	0,67	0	0	1	0	0
2012	Sanna-Kaisa Saari	0	0	0	0	0	24	177	52	16,6	88	62	88	26	26	0	0,70	0,70	0	0	1	1	0
2013	Elina Leskinen	0	0	0	0	0	21	170	58	20,1	88	65	90	23	25	-2	0,74	0,72	1	0	0	0	1
2013	Neea Poutanen	0	0	0	0	0	18	172	57	19,3	88	68	93	20	25	-5	0,77	0,73	0	0	0	0	0
2013	Lotta Hintsa	1	0	1	1	0	24	168	52	18,4	86	61	89	25	28	-3	0,71	0,69	1	1	0	0	0
2013	Laura Ahola	0	0	0	0	1	24	171	52	17,8	88	64	89	24	25	-1	0,73	0,72	1	0	0	0	0
2013	Johanna Ahlbäck	0	0	0	0	0	24	170	53	18,3	89	64	95	25	31	-6	0,72	0,67	0	0	0	1	0
2013	Maija Kerisalmi	0	1	1	0	0	19	177	60	19,2	90	66	94	24	28	-4	0,73	0,70	1	0	1	0	0
2013	Mona Virtanen	0	0	0	0	0	24	168	53	18,8	84	64	91	20	27	-7	0,76	0,70	0	0	1	1	0
2013	Helianna Ylimaula	0	1	1	0	0	23	169	52	18,2	85	66	93	19	27	-8	0,78	0,71	0	0	1	0	0
2013	Katariina Suuniitty	0	0	0	0	0	22	175	57	18,6	89	64	90	25	26	-1	0,72	0,71	1	2	1	0	0
2013	Sara Jauhiainen	0	0	0	0	0	20	171	52	17,8	80	63	86	17	23	-6	0,79	0,73	0	2	1	0	0
2014	Jasmin Lahtinen	0	0	0	0	0	22	174	60	19,8	87	64	93	23	29	-6	0,74	0,69	0	0	0	0	1
2014	Lotta Heikkilä	0	0	0	0	0	21	175	62	20,2	89	68	100	21	32	-11	0,76	0,68	0	0	0	0	0
2014	Milla Romppainen	0	1	1	0	0	21	174	53	17,5	80	61	93	19	32	-13	0,76	0,66	1	1	0	0	0
2014	Bea Toivonen	1	0	1	0	0	21	179	59	18,4	84	66	97	18	31	-13	0,79	0,68	1	1	0	0	0
2014	Tuulia Paadar	0	0	0	0	0	21	169	55	19,3	91	64	92	27	28	-1	0,70	0,70	0	2	0	0	0
2014	Emilia Seppänen	0	0	0	0	0	20	175	59	19,3	87	67	95	20	28	-8	0,77	0,71	0	1	1	0	0
2014	Saana Mella	0	0	0	0	0	22	172	56	18,9	90	65	93	25	28	-3	0,72	0,70	1	0	1	0	0
2014	Krista Haapalainen	0	1	1	0	0	24	173	60	20,0	87	65	94	22	29	-7	0,75	0,69	1	0	1	0	1
2014	Rosanne Parikka	0	0	0	1	1	21	167	52	18,6	84	64	92	20	28	-8	0,76	0,70	1	0	1	1	0
2014	Aino Siekkinen	0	0	0	0	0	19	173	55	18,4	86	65	92	21	27	-6	0,76	0,71	1	0	1	0	0
2015	Rosamaria Ryyti	1	0	1	0	0	20	178	63	19,9	86	65	96	21	31	-10	0,76	0,68	1	2	0	0	0
2015	Anna Korhonen	0	0	0	0	0	23	169	56	19,6	85	65	93	20	28	-8	0,76	0,70	1	1	0	0	0
2015	Saara Ahlberg	0	1	1	0	0	19	174	58	19,2	91	65	91	26	26	0	0,71	0,71	0	0	0	0	0
2015	Inka Hyvärinen	0	0	0	0	0	24	166	55	20,0	88	63	91	25	28	-3	0,72	0,69	1	0	0	1	0
2015	Monica Landen	0	0	0	0	0	22	178	60	18,9	85	64	94	21	30	-9	0,75	0,68	1	0	0	1	0
2015	Iina Immonen	0	0	0	0	0	24	177	55	17,6	89	65	90	24	25	-1	0,73	0,72	0	0	1	0	1
2015	Rita Jokinen	0	0	0	0	1	21	176	63	20,3	90	64	92	26	28	-2	0,71	0,70	0	1	1	0	0
2015	Carita Pesonen	0	0	0	0	0	24	172	54	18,3	86	63	93	23	30	-7	0,73	0,68	1	0	1	0	0
2015	Carola Miller	0	1	1	0	0	23	181	59	18,0	93	63	95	30	32	-2	0,68	0,66	0	0	1	0	1
2015	Heidi Ylipietila	0	0	0	1	0	23	175	56	18,3	88	63	95	25	32	-7	0,72	0,66	1	0	1	0	0
2016	Jenna Ruohola	NA	NA	NA	NA	NA	23	168	52	NA	80	60	90	NA	NA	NA	NA	NA	1	0	0	0	1
2016	Shirly Karvinen	NA	NA	NA	NA	NA	23	170	55	NA	85	67	91	NA	NA	NA	NA	NA	0	0	0	0	1
2016	Emilia Seppänen	NA	NA	NA	NA	NA	22	176	57	NA	87	66	94	NA	NA	NA	NA	NA	1	0	0	0	1
2016	Elina Hoiska	NA	NA	NA	NA	NA	22	175	60	NA	90	69	98	NA	NA	NA	NA	NA	0	1	0	0	0
2016	Heta Sallinen	NA	NA	NA	NA	NA	21	171	57	NA	89	63	96	NA	NA	NA	NA	NA	1	0	0	1	0
2016	Iris Ojalammi	NA	NA	NA	NA	NA	22	172	54	NA	86	66	92	NA	NA	NA	NA	NA	1	0	1	0	0
2016	Esmi Valen	NA	NA	NA	NA	NA	23	171	56	NA	84	65	93	NA	NA	NA	NA	NA	1	0	1	0	0
2016	Laura Mononen	NA	NA	NA	NA	NA	20	174	57	NA	93	67	91	NA	NA	NA	NA	NA	1	0	1	1	0
2016	Elli-Noora Koskela	NA	NA	NA	NA	NA	22	180	62	NA	88	67	97	NA	NA	NA	NA	NA	1	1	1	0	0
2016	Samir Omer	NA	NA	NA	NA	NA	20	178	57	NA	90	66	96	NA	NA	NA	NA	NA	0	0	1	0	1